9.686870505314761459e+00
9.687034846231972196e+00
9.686555888495199440e+00
9.686891922925592979e+00
9.686548194547617285e+00
9.687028843210990559e+00
9.686892668496145831e+00
9.686990013540265565e+00
9.686512686794248594e+00
9.686571545820850559e+00
9.686511780770455715e+00
9.686481846814968932e+00
9.686500392164047568e+00
9.686487188887424438e+00
9.686412496270230932e+00
9.686466469798752144e+00
9.686272831844590314e+00
9.686266432707112628e+00
9.686292738989688900e+00
9.686240481802752100e+00
9.686231029811999349e+00
9.686272497832401740e+00
9.686364908020415498e+00
9.686257159751082924e+00
9.687407981802259371e+00
9.687030999189968128e+00
9.686989102997348056e+00
9.686795487939503957e+00
9.687462732872003102e+00
9.687534327330460826e+00
9.686985440489918275e+00
9.687044129330740105e+00
9.686231232685788228e+00
9.686331891949942374e+00
9.686165278627957065e+00
9.686262222368220876e+00
9.686145404553043292e+00
9.686146067836418183e+00
9.686253441703335909e+00
9.686231078419345053e+00
9.685961978989549692e+00
9.685972151716926604e+00
9.685984840661912898e+00
9.685976578481147570e+00
9.685947795410314143e+00
9.685942764223311130e+00
9.685875231732806512e+00
9.685840181991125064e+00
9.685985680756147076e+00
9.685819764698456069e+00
9.685926278468581785e+00
9.685935964747715232e+00
9.685990713555517218e+00
9.686014522212420985e+00
9.685996158086684460e+00
9.686049269091695280e+00
9.686619175802970716e+00
9.686621420398182636e+00
9.686581478050307226e+00
9.686619459703095458e+00
9.686791396440044721e+00
9.686806589196411466e+00
9.686788802343119897e+00
9.686613881200997866e+00
9.685719845993276067e+00
9.685708409808288621e+00
9.685724887123839721e+00
9.685763028014759968e+00
9.685614311338362370e+00
9.685784043645185193e+00
9.685581730255361066e+00
9.685784834368666552e+00
9.685342648482672345e+00
9.685375623047480786e+00
9.685256124155138480e+00
9.685089657129999807e+00
9.685317054029198403e+00
9.685109827862811827e+00
9.685125192207355127e+00
9.685117892712368004e+00
9.685333278510745103e+00
9.685360658657938160e+00
9.685285923346089731e+00
9.685115444878187319e+00
9.685274126873244072e+00
9.685387609162567912e+00
9.685263751065896543e+00
9.685347286071815276e+00
9.686993991998461340e+00
9.687081952706437349e+00
9.686938621596459242e+00
9.687209354790754290e+00
9.687023630979675559e+00
9.686945825751525518e+00
9.687104386255992239e+00
9.686888974352479309e+00
9.685942949609042785e+00
9.685975025497985058e+00
9.685960365685104989e+00
9.685897045005980033e+00
9.685898981250437245e+00
9.685961671745104695e+00
9.686007044621078421e+00
9.685846816485254251e+00
9.684640156418232948e+00
9.684614695797391093e+00
9.684563032780955538e+00
9.684633275364431526e+00
9.684550823212676463e+00
9.684580560620286604e+00
9.684553015731735215e+00
9.684579753888851172e+00
9.684902799105511662e+00
9.684905833868173275e+00
9.684890588648293885e+00
9.684907003392954294e+00
9.684817460510918963e+00
9.684853192069738270e+00
9.684897093705231441e+00
9.684899991596404689e+00
9.685629727537595102e+00
9.685582326793380048e+00
9.685571971372734623e+00
9.685585281840829452e+00
9.685611248322713251e+00
9.685582624576309030e+00
9.685540480064496194e+00
9.685508864380942384e+00
9.686120589685410565e+00
9.686284327355213719e+00
9.686343444673161329e+00
9.686255364008859559e+00
9.686341602756799674e+00
9.686185971732426125e+00
9.686093101330799371e+00
9.686071699362232224e+00
9.685407538958482832e+00
9.685383174262605976e+00
9.685244850955038842e+00
9.685377005029483399e+00
9.685340230101900261e+00
9.685384335375292864e+00
9.685410376879319827e+00
9.685446468920737573e+00
9.685279452358702912e+00
9.685543672012913774e+00
9.685448567624396432e+00
9.685447249790250623e+00
9.685170108072568951e+00
9.685537135353072813e+00
9.685544763526266365e+00
9.685536365308815121e+00
9.686190211666460215e+00
9.686163635611013234e+00
9.686182121432159065e+00
9.686202172772178542e+00
9.686233206591438716e+00
9.686218836316790259e+00
9.686216975031955556e+00
9.686244394284859283e+00
9.687044848460063307e+00
9.687045110046010876e+00
9.687075134140361143e+00
9.687080826830515079e+00
9.687043197503925285e+00
9.687004586305357989e+00
9.686949391661855202e+00
9.687021292592742583e+00
9.686268520439988094e+00
9.686395257758615429e+00
9.686114585027059576e+00
9.686121370683046905e+00
9.686107706831583286e+00
9.686254375834652208e+00
9.686276349323156509e+00
9.686384101154251525e+00
9.685989723893785097e+00
9.686094947144985312e+00
9.685922603678008613e+00
9.686120186209743466e+00
9.685998318472073265e+00
9.686148208249928615e+00
9.686098332814708556e+00
9.685897677889395041e+00
9.687050511221126925e+00
9.687000718440339497e+00
9.686996387171722844e+00
9.686912693081255910e+00
9.687022279490307142e+00
9.686959772387330858e+00
9.687006527633279518e+00
9.687080182098871006e+00
9.686753143735057137e+00
9.686799278435268334e+00
9.686767336331149281e+00
9.686722919398707887e+00
9.686865381981505152e+00
9.686699061210127581e+00
9.686775550138417401e+00
9.686706280688373027e+00
9.686188647668204865e+00
9.686158736663116997e+00
9.686180993403318951e+00
9.686108716526309337e+00
9.686189911414222919e+00
9.686129077389201925e+00
9.686148812818005993e+00
9.686313987727462660e+00
9.686299968971402663e+00
9.686282154260050348e+00
9.686352817066373078e+00
9.686304279058086664e+00
9.686284709070362098e+00
9.686267835074232835e+00
9.686338140333656810e+00
9.686228211976091629e+00
9.686962086400722427e+00
9.686909824271609182e+00
9.686762795134924886e+00
9.686852886996838663e+00
9.686928329960178274e+00
9.687103169424492677e+00
9.686766080576875382e+00
9.686713702778645185e+00
9.685951410506783432e+00
9.686060296574602546e+00
9.685800480508623522e+00
9.685828092089936447e+00
9.686009706352221471e+00
9.686111917740207744e+00
9.686026705286741034e+00
9.685955316059253306e+00
9.685405579796341868e+00
9.685419948959127723e+00
9.685457055260769721e+00
9.685366507453686324e+00
9.685478313475803347e+00
9.685482277420971897e+00
9.685368135544374368e+00
9.685401256987919538e+00
9.685085362093904138e+00
9.685455949414079058e+00
9.685404704645627305e+00
9.685113640601702656e+00
9.684965418981128948e+00
9.685252201630017765e+00
9.685250606474674839e+00
9.685068628844366145e+00
9.685926689910093756e+00
9.685852708534712363e+00
9.685861828318804712e+00
9.685966154102134240e+00
9.685839105441180763e+00
9.686023450576106697e+00
9.685878177879263973e+00
9.685722424760639271e+00
9.685130271860519002e+00
9.685201794639729300e+00
9.685147231572488025e+00
9.685194401155905908e+00
9.685154806816257178e+00
9.685237121111475389e+00
9.685177872005114708e+00
9.685181385377806151e+00
9.684888671297708029e+00
9.684926691683420685e+00
9.684919681935669544e+00
9.684910375337159039e+00
9.684772410580569257e+00
9.684935981261638460e+00
9.684842508508657133e+00
9.684866069864270344e+00
9.684630377400498702e+00
9.684618535221398261e+00
9.684613816829513055e+00
9.684611582818199338e+00
9.684641783133015380e+00
9.684689530554370762e+00
9.684608817328600239e+00
9.684717714133851629e+00
9.685886223406608764e+00
9.685836527717679445e+00
9.685815102487824291e+00
9.685760870943239453e+00
9.685743739728167156e+00
9.685765940693759291e+00
9.685760850428016155e+00
9.685826932849302295e+00
9.686504569637168771e+00
9.686498641270318899e+00
9.686414898892996561e+00
9.686451875092684460e+00
9.686451095582109261e+00
9.686536082216418819e+00
9.686439793882083649e+00
9.686368783527596449e+00
9.686393758327012549e+00
9.686270670360055846e+00
9.686356656477913774e+00
9.686301429839982546e+00
9.686308532870249621e+00
9.686237326217568722e+00
9.686461793463248426e+00
9.686314714225318312e+00
9.686426406455035831e+00
9.686268933535439274e+00
9.686495121463471136e+00
9.686539695877501188e+00
9.686523138615994455e+00
9.686314171031392917e+00
9.685995733467672508e+00
9.686456375223448489e+00
9.687188651835402453e+00
9.687301212027414010e+00
9.687237558046112085e+00
9.687143397697393965e+00
9.687233924899683046e+00
9.687172934519717060e+00
9.687142416024585145e+00
9.687138717245829866e+00
9.686174424429312424e+00
9.686188124690577439e+00
9.686030209287434189e+00
9.686093703052067738e+00
9.686214086840013948e+00
9.686011859333472529e+00
9.686228832012689693e+00
9.686144037072525137e+00
9.685144133815120071e+00
9.685263329439614211e+00
9.685142141559149209e+00
9.685242460346790594e+00
9.685161215527505973e+00
9.685100779665223314e+00
9.685174940937303134e+00
9.685292896264325435e+00
9.685492834397015471e+00
9.685527311730803390e+00
9.685591220670614732e+00
9.685529814644954882e+00
9.685475430356163429e+00
9.685515997150433876e+00
9.685439921519114037e+00
9.685312668240015910e+00
9.686511195612437675e+00
9.686350837136851410e+00
9.686260320253435196e+00
9.686245446988230867e+00
9.686260912808547729e+00
9.686401105116438259e+00
9.686476048937834094e+00
9.686182268416301255e+00
9.685723540772146478e+00
9.685730905749020181e+00
9.685726725011598148e+00
9.685711948302335728e+00
9.685721765793859461e+00
9.685726245740731599e+00
9.685699254896505295e+00
9.685750904877771461e+00
9.684750183060833351e+00
9.684937680397764481e+00
9.684801996563480841e+00
9.684940819414345370e+00
9.684819672326336004e+00
9.684541730238954926e+00
9.684839801107917978e+00
9.684959139269018635e+00
9.685056122409182677e+00
9.684968771209288008e+00
9.684748081261695063e+00
9.684795914087342084e+00
9.684895654009588739e+00
9.685107231194299615e+00
9.684697162345784704e+00
9.684737692199577808e+00
9.685720910213266421e+00
9.685689376811694729e+00
9.685764551589461036e+00
9.685738245443690886e+00
9.685689198470992523e+00
9.685679476403809218e+00
9.685604639760805767e+00
9.685682842285030958e+00
