9.686870505314761459e+00
9.686543317799362285e+00
9.686940897715535570e+00
9.686990013540265565e+00
9.686512686794248594e+00
9.686603963338344059e+00
9.686372213763398520e+00
9.686466469798752144e+00
9.686272831844590314e+00
9.686294570965962691e+00
9.686244712701954640e+00
9.686257159751082924e+00
9.687407981802259371e+00
9.686896970488819036e+00
9.687037132145322360e+00
9.687044129330740105e+00
9.686231232685788228e+00
9.686220706554262705e+00
9.686300616769599969e+00
9.686231078419345053e+00
9.685961978989549692e+00
9.685998836653803679e+00
9.685969286446367121e+00
9.685840181991125064e+00
9.685985680756147076e+00
9.685954573787386224e+00
9.685930347528532991e+00
9.686049269091695280e+00
9.686619175802970716e+00
9.686699565682820534e+00
9.686690951850163600e+00
9.686613881200997866e+00
9.685719845993276067e+00
9.685800401632457479e+00
9.685722540721249274e+00
9.685784834368666552e+00
9.685342648482672345e+00
9.685333966157202212e+00
9.685240215741160341e+00
9.685117892712368004e+00
9.685333278510745103e+00
9.685270000279675884e+00
9.685360884306243534e+00
9.685347286071815276e+00
9.686993991998461340e+00
9.686949788316510990e+00
9.686969801913335232e+00
9.686888974352479309e+00
9.685942949609042785e+00
9.685993009564104028e+00
9.685941834615983126e+00
9.685846816485254251e+00
9.684640156418232948e+00
9.684576451662026741e+00
9.684629038164089820e+00
9.684579753888851172e+00
9.684902799105511662e+00
9.684805310605412387e+00
9.684918452565366209e+00
9.684899991596404689e+00
9.685629727537595102e+00
9.685611822348226596e+00
9.685529229681289820e+00
9.685508864380942384e+00
9.686120589685410565e+00
9.686297630766180333e+00
9.686271646510284938e+00
9.686071699362232224e+00
9.685407538958482832e+00
9.685546334124277124e+00
9.685326819495291062e+00
9.685446468920737573e+00
9.685279452358702912e+00
9.685456788688705743e+00
9.685542805265795252e+00
9.685536365308815121e+00
9.686190211666460215e+00
9.686115208144475019e+00
9.686193778217219830e+00
9.686244394284859283e+00
9.687044848460063307e+00
9.687031209711374657e+00
9.687111701582459489e+00
9.687021292592742583e+00
9.686268520439988094e+00
9.686135755336300335e+00
9.686197225702219527e+00
9.686384101154251525e+00
9.685989723893785097e+00
9.686049661256546983e+00
9.686139619786588995e+00
9.685897677889395041e+00
9.687050511221126925e+00
9.686971215062042617e+00
9.686950015655767743e+00
9.687080182098871006e+00
9.686753143735057137e+00
9.686689313226745313e+00
9.686686396146241051e+00
9.686706280688373027e+00
9.686188647668204865e+00
9.686145006250681533e+00
9.686163611204611001e+00
9.686313987727462660e+00
9.686299968971402663e+00
9.686269172564161423e+00
9.686209341121024607e+00
9.686228211976091629e+00
9.686962086400722427e+00
9.686922915394937661e+00
9.687068467336228395e+00
9.686713702778645185e+00
9.685951410506783432e+00
9.685975000330616425e+00
9.685998359746252007e+00
9.685955316059253306e+00
9.685405579796341868e+00
9.685469712672132303e+00
9.685406631110113906e+00
9.685401256987919538e+00
9.685085362093904138e+00
9.685277296678492576e+00
9.684971901339585187e+00
9.685068628844366145e+00
9.685926689910093756e+00
9.685784631598812311e+00
9.685990310173702156e+00
9.685722424760639271e+00
9.685130271860519002e+00
9.685123352932944130e+00
9.685213578761411313e+00
9.685181385377806151e+00
9.684888671297708029e+00
9.684938527229904892e+00
9.684844822611452742e+00
9.684866069864270344e+00
9.684630377400498702e+00
9.684606993198981328e+00
9.684751645000355680e+00
9.684717714133851629e+00
9.685886223406608764e+00
9.685821405217494018e+00
9.685660396394483840e+00
9.685826932849302295e+00
9.686504569637168771e+00
9.686414033790724076e+00
9.686336285815491109e+00
9.686368783527596449e+00
9.686393758327012549e+00
9.686449192583653556e+00
9.686506872945678026e+00
9.686314714225318312e+00
9.686426406455035831e+00
9.686525433267876295e+00
9.686475208667530978e+00
9.686456375223448489e+00
9.687188651835402453e+00
9.687265973207093595e+00
9.687234935272872605e+00
9.687138717245829866e+00
9.686174424429312424e+00
9.686167818039500332e+00
9.686328209928948496e+00
9.686144037072525137e+00
9.685144133815120071e+00
9.685259174192664133e+00
9.685237175068147408e+00
9.685292896264325435e+00
9.685492834397015471e+00
9.685644280351601410e+00
9.685555145636248753e+00
9.685312668240015910e+00
9.686511195612437675e+00
9.686405507528403902e+00
9.686171564926704391e+00
9.686182268416301255e+00
9.685723540772146478e+00
9.685705279767637066e+00
9.685582000415818626e+00
9.685750904877771461e+00
9.684750183060833351e+00
9.684589841967545354e+00
9.684960550059930284e+00
9.684959139269018635e+00
9.685056122409182677e+00
9.685092089491350364e+00
9.684943135928016034e+00
9.684737692199577808e+00
9.685720910213266421e+00
9.685767341090492977e+00
9.685775047111791380e+00
9.685682842285030958e+00
