9.687155810087748620e+00
9.687181729389749307e+00
9.686967615224999051e+00
9.687112556859480250e+00
9.687122350726347975e+00
9.687124394321086740e+00
9.686822060152396219e+00
9.686680338042398475e+00
9.686637279103710085e+00
9.686581104491217786e+00
9.686595414230554368e+00
9.686686186058993897e+00
9.686576789301703627e+00
9.686582008779613062e+00
9.686635385896678940e+00
9.686644566922071320e+00
9.686414559432563465e+00
9.686375474143135378e+00
9.686369208125816144e+00
9.686356895221020835e+00
9.686468530272241750e+00
9.686419285352977582e+00
9.686349143825569996e+00
9.686386011017958708e+00
9.687366418116560851e+00
9.687527835974274026e+00
9.687731165976179781e+00
9.687643007646046911e+00
9.687686553142302870e+00
9.687775974487184527e+00
9.687601959887427228e+00
9.687178342705255574e+00
9.686309747417608307e+00
9.686309890649056342e+00
9.686285032267088368e+00
9.686318309599892373e+00
9.686341578104059380e+00
9.686289148271782778e+00
9.686270605916334375e+00
9.686320325706111234e+00
9.686097024042872761e+00
9.686065277774718041e+00
9.686120012526400203e+00
9.686092993749372937e+00
9.685995489165829753e+00
9.686059391139330899e+00
9.686066220173728425e+00
9.686082572661993240e+00
9.686121269959050650e+00
9.686075175505544976e+00
9.686091281034215683e+00
9.686138895310532959e+00
9.686062825568363621e+00
9.685978899661535024e+00
9.686055498365380600e+00
9.686020626202120454e+00
9.686760857802722668e+00
9.686995789447376382e+00
9.686701804965032636e+00
9.686973464279525103e+00
9.686893980129340775e+00
9.686779779115711975e+00
9.686804095896592415e+00
9.686751876350339074e+00
9.685799816918132521e+00
9.685989635837705336e+00
9.685800687803707731e+00
9.685853770054370315e+00
9.685764426950438377e+00
9.685817779404532146e+00
9.685892065280045315e+00
9.685867143641436527e+00
9.685315068444820596e+00
9.685432973867589723e+00
9.685434037048468170e+00
9.685353842192219176e+00
9.685414182844313657e+00
9.685413869914933471e+00
9.685376480677451383e+00
9.685330089027328171e+00
9.685449695515579549e+00
9.685387366763150041e+00
9.685382498167154353e+00
9.685445085608954230e+00
9.685423521960533577e+00
9.685497446895904972e+00
9.685423234454288988e+00
9.685708761574568726e+00
9.687164144955545453e+00
9.687163985384849241e+00
9.687232253652895864e+00
9.687204960270666021e+00
9.687238222663223652e+00
9.687128601062996225e+00
9.687141932989375093e+00
9.687267554434589201e+00
9.685994135768924096e+00
9.686003977992740488e+00
9.686040146744467449e+00
9.686044239240588993e+00
9.686049927592634390e+00
9.686053077897529562e+00
9.686022969709133790e+00
9.686002107496499036e+00
9.684639706720362895e+00
9.684624051322519023e+00
9.684700824098815275e+00
9.684633237101468950e+00
9.684626047019474271e+00
9.684607284739293220e+00
9.684644119834283416e+00
9.684697669052789948e+00
9.685005378810712884e+00
9.684974550537356563e+00
9.684997230276932711e+00
9.684988580392246860e+00
9.684991803584566128e+00
9.684987526987857365e+00
9.685019683685961667e+00
9.684974150465933462e+00
9.685792653525846063e+00
9.685731010743269920e+00
9.685748696816871117e+00
9.685690566265391155e+00
9.685759777617146682e+00
9.685768916328592937e+00
9.685648823490913273e+00
9.685713113158419318e+00
9.686321652067173105e+00
9.686288923835288500e+00
9.686318652613911340e+00
9.686365203407849123e+00
9.686264730846502857e+00
9.686253862323097152e+00
9.686375190901388876e+00
9.686325616435674135e+00
9.685437534812505689e+00
9.685557386971892058e+00
9.685354236571651398e+00
9.685535569485946183e+00
9.685463425880730171e+00
9.685567177758821700e+00
9.685512416177473938e+00
9.685441404909648000e+00
9.685427152354197489e+00
9.685617705066112748e+00
9.685539592682408383e+00
9.685366140560221382e+00
9.685624387214335940e+00
9.685376611007963987e+00
9.685361801096062706e+00
9.685531767492109978e+00
9.686322750425080841e+00
9.686322988276666379e+00
9.686325384712979769e+00
9.686362760616482603e+00
9.686425751715368904e+00
9.686369705825908838e+00
9.686378221033573155e+00
9.686312677090214152e+00
9.686906644360215424e+00
9.687154512635785863e+00
9.687100872809196517e+00
9.687000288307391571e+00
9.687135823455497174e+00
9.686980575011128636e+00
9.687080546110568235e+00
9.686957251135371649e+00
9.686316573470937996e+00
9.686442609521373370e+00
9.686287077492812259e+00
9.686294525458773563e+00
9.686289343230590987e+00
9.686458166566358940e+00
9.686214677789235949e+00
9.686208311935923021e+00
9.686208286848914994e+00
9.686220821603638953e+00
9.686204462924028036e+00
9.686230505222889420e+00
9.686219051818328651e+00
9.686214154203424798e+00
9.686224231068864654e+00
9.686156653079711631e+00
9.687006658383079838e+00
9.687208702648495873e+00
9.687104701870790535e+00
9.687130075212053271e+00
9.687023976732653807e+00
9.687089436726026292e+00
9.687285116937248475e+00
9.687093391066749604e+00
9.686789142644473216e+00
9.686809156734181414e+00
9.686799188472525302e+00
9.686831582724893863e+00
9.686881117371564542e+00
9.686715664475713083e+00
9.686820430615561861e+00
9.686821820410377981e+00
9.686288392113446832e+00
9.686234218671453178e+00
9.686246933810569004e+00
9.686271260615571421e+00
9.686178169105195579e+00
9.686285231624767178e+00
9.686320806506932612e+00
9.686326189616242033e+00
9.686355263937862503e+00
9.686355263937862503e+00
9.686423940060977955e+00
9.686423940060977955e+00
9.686382152713596483e+00
9.686382152713596483e+00
9.686360021170075996e+00
9.686376598292005369e+00
9.686149500000000856e+00
9.686149500000000856e+00
9.686149500000000856e+00
9.685649500000002021e+00
9.685649500000002021e+00
9.687050499999999786e+00
9.687050499999999786e+00
9.685951499999999825e+00
9.686081936877879883e+00
9.686061939246572550e+00
9.685956017546679675e+00
9.685890450749218061e+00
9.685983840894909491e+00
9.685875632682815706e+00
9.686109653303136113e+00
9.685872461139982903e+00
9.685464084259061579e+00
9.685519809763599497e+00
9.685486067083298067e+00
9.685414042140289226e+00
9.685506292830259767e+00
9.685489302446969262e+00
9.685464651278184789e+00
9.685475250652482160e+00
9.685139231411742600e+00
9.685372602684889642e+00
9.685362273804125621e+00
9.685277563733283301e+00
9.685311164166897413e+00
9.685227839616635137e+00
9.685786978197361563e+00
9.685359408207355969e+00
9.685224534621259096e+00
9.685224534621259096e+00
9.684546573912285794e+00
9.680949999999999278e+00
9.680949999999999278e+00
9.685845660670556967e+00
0.000000000000000000e+00
0.000000000000000000e+00
9.685126318633088260e+00
9.685178161726723189e+00
9.685161945520642135e+00
9.685207465761752843e+00
9.685080538443234133e+00
9.685284636472125896e+00
9.685088688224517739e+00
9.685177766437236713e+00
9.684986783405047817e+00
9.684976776897181949e+00
9.684967850401887901e+00
9.684987199149146520e+00
9.685006694137204164e+00
9.684951619044351645e+00
9.684898567637469924e+00
9.685010332628992913e+00
9.684798702527148251e+00
9.684711524882526845e+00
9.684732020218657311e+00
9.684716108351850039e+00
9.684701529753274585e+00
9.684719588127293832e+00
9.684696844555970685e+00
9.684712990276588940e+00
0.000000000000000000e+00
0.000000000000000000e+00
0.000000000000000000e+00
9.686487796290924379e+00
9.686487796290924379e+00
9.685791180824702806e+00
9.684852499999999864e+00
0.000000000000000000e+00
9.686499082789536530e+00
9.686513910311633779e+00
9.686614126519824453e+00
9.686540007347796077e+00
9.686498790005074966e+00
9.686507900692852502e+00
9.686476520584145433e+00
9.686496215815481037e+00
9.686471648821392222e+00
9.686466050636383329e+00
9.686483216611133429e+00
9.686417502694956383e+00
9.686468908429789693e+00
9.686449582339079711e+00
9.686416483846441494e+00
9.686496391470011957e+00
9.686365499180105587e+00
9.686414127989344536e+00
9.686445410205196893e+00
9.686371729454357649e+00
9.686466415344002101e+00
9.686594841552185642e+00
9.686587190758553234e+00
9.686595540037476582e+00
9.687550969137873835e+00
9.687465287955751236e+00
9.687091816164352664e+00
9.686987771744888676e+00
9.687469893940658494e+00
9.687449671007630769e+00
9.686725948879956860e+00
9.687627587427122933e+00
9.686334182107398050e+00
9.686302081249122509e+00
9.686292151137321227e+00
9.686344320673260455e+00
9.686228744435325666e+00
9.686328754348105363e+00
9.686308741017928270e+00
9.686364932358850766e+00
9.685254690552463686e+00
9.685271312485493667e+00
9.685305905142623573e+00
9.685258159361218588e+00
9.685271953802663703e+00
9.685281082240559059e+00
9.685255758414495375e+00
9.685224703585522121e+00
9.685713402884458034e+00
9.685645641463572986e+00
9.685797589500230842e+00
9.685738117589808738e+00
9.685765551231581227e+00
9.685653023209093604e+00
9.685615125563753480e+00
9.685668423364875324e+00
9.686464066811709017e+00
9.686459097923320272e+00
9.686628504389437566e+00
9.686493845029659155e+00
9.686275808785813624e+00
9.686294194301513727e+00
9.686681883476392585e+00
9.686728757323907146e+00
9.685686165694146865e+00
9.685782749499969313e+00
9.685785345321150430e+00
9.685751723394803392e+00
9.685726503967829970e+00
9.685661163556849473e+00
9.685711028690102253e+00
9.685785960817753448e+00
9.684810789160158251e+00
9.685006008620753448e+00
9.684633331485597907e+00
9.685008902354947935e+00
9.684939890153126285e+00
9.684925899049309450e+00
9.684657063290645240e+00
9.684947804925220893e+00
9.685177498946385910e+00
9.685184453199548571e+00
9.684995481403234407e+00
9.685193234484248848e+00
9.685149458377617648e+00
9.685124011291057045e+00
9.685155890745432927e+00
9.685039520307475058e+00
9.685855405825320119e+00
9.685727308628017340e+00
9.685966863912451430e+00
9.685924364458990965e+00
9.686004405873720913e+00
9.685964346199744668e+00
9.685932628911777087e+00
9.685704609110661778e+00
