9.687155810087748620e+00
9.686680338042398475e+00
9.686637279103710085e+00
9.686644566922071320e+00
9.686414559432563465e+00
9.686386011017958708e+00
9.687366418116560851e+00
9.687178342705255574e+00
9.686309747417608307e+00
9.686320325706111234e+00
9.686097024042872761e+00
9.686082572661993240e+00
9.686121269959050650e+00
9.686020626202120454e+00
9.686760857802722668e+00
9.686751876350339074e+00
9.685799816918132521e+00
9.685867143641436527e+00
9.685315068444820596e+00
9.685330089027328171e+00
9.685449695515579549e+00
9.685708761574568726e+00
9.687164144955545453e+00
9.687267554434589201e+00
9.685994135768924096e+00
9.686002107496499036e+00
9.684639706720362895e+00
9.684697669052789948e+00
9.685005378810712884e+00
9.684974150465933462e+00
9.685792653525846063e+00
9.685713113158419318e+00
9.686321652067173105e+00
9.686325616435674135e+00
9.685437534812505689e+00
9.685441404909648000e+00
9.685427152354197489e+00
9.685531767492109978e+00
9.686322750425080841e+00
9.686312677090214152e+00
9.686906644360215424e+00
9.686957251135371649e+00
9.686316573470937996e+00
9.686208311935923021e+00
9.686208286848914994e+00
9.686156653079711631e+00
9.687006658383079838e+00
9.687093391066749604e+00
9.686789142644473216e+00
9.686821820410377981e+00
9.686288392113446832e+00
9.686326189616242033e+00
9.686355263937862503e+00
9.686376598292005369e+00
9.686149500000000856e+00
9.685951499999999825e+00
9.686081936877879883e+00
9.685872461139982903e+00
9.685464084259061579e+00
9.685475250652482160e+00
9.685139231411742600e+00
9.685359408207355969e+00
9.685224534621259096e+00
0.000000000000000000e+00
9.685126318633088260e+00
9.685177766437236713e+00
9.684986783405047817e+00
9.685010332628992913e+00
9.684798702527148251e+00
9.684712990276588940e+00
0.000000000000000000e+00
0.000000000000000000e+00
9.686499082789536530e+00
9.686496215815481037e+00
9.686471648821392222e+00
9.686496391470011957e+00
9.686365499180105587e+00
9.686595540037476582e+00
9.687550969137873835e+00
9.687627587427122933e+00
9.686334182107398050e+00
9.686364932358850766e+00
9.685254690552463686e+00
9.685224703585522121e+00
9.685713402884458034e+00
9.685668423364875324e+00
9.686464066811709017e+00
9.686728757323907146e+00
9.685686165694146865e+00
9.685785960817753448e+00
9.684810789160158251e+00
9.684947804925220893e+00
9.685177498946385910e+00
9.685039520307475058e+00
9.685855405825320119e+00
9.685704609110661778e+00
