9.687155810087748620e+00
9.686808259097457352e+00
9.687141595069885369e+00
9.686680338042398475e+00
9.686637279103710085e+00
9.686419899906331565e+00
9.686610305770139817e+00
9.686644566922071320e+00
9.686414559432563465e+00
9.686390990986502914e+00
9.686401382645010827e+00
9.686386011017958708e+00
9.687366418116560851e+00
9.687562946870009739e+00
9.687734619746988685e+00
9.687178342705255574e+00
9.686309747417608307e+00
9.686223549246660625e+00
9.686387014957212216e+00
9.686320325706111234e+00
9.686097024042872761e+00
9.686117995733473762e+00
9.686041220928569118e+00
9.686082572661993240e+00
9.686121269959050650e+00
9.686164319567257763e+00
9.685907840293186410e+00
9.686020626202120454e+00
9.686760857802722668e+00
9.686753298931451539e+00
9.686886504547418397e+00
9.686751876350339074e+00
9.685799816918132521e+00
9.685770120191998345e+00
9.685807603680954614e+00
9.685867143641436527e+00
9.685315068444820596e+00
9.685430042232461290e+00
9.685430115654085625e+00
9.685330089027328171e+00
9.685449695515579549e+00
9.685451251970398800e+00
9.685482356115572955e+00
9.685708761574568726e+00
9.687164144955545453e+00
9.687214607729709215e+00
9.687254290425137526e+00
9.687267554434589201e+00
9.685994135768924096e+00
9.686088990036797242e+00
9.686031074929069007e+00
9.686002107496499036e+00
9.684639706720362895e+00
9.684633948668762926e+00
9.684631689789679143e+00
9.684697669052789948e+00
9.685005378810712884e+00
9.684990117164089085e+00
9.684991994743947785e+00
9.684974150465933462e+00
9.685792653525846063e+00
9.685788153177652404e+00
9.685715970748924875e+00
9.685713113158419318e+00
9.686321652067173105e+00
9.686376799568835239e+00
9.686355446962013005e+00
9.686325616435674135e+00
9.685437534812505689e+00
9.685558360341286033e+00
9.685387955677102312e+00
9.685441404909648000e+00
9.685427152354197489e+00
9.685534843885019285e+00
9.685353271914818762e+00
9.685531767492109978e+00
9.686322750425080841e+00
9.686400751789046026e+00
9.686309560208501424e+00
9.686312677090214152e+00
9.686906644360215424e+00
9.687101863743835750e+00
9.687098256715923839e+00
9.686957251135371649e+00
9.686316573470937996e+00
9.686322951776112689e+00
9.686340721452095792e+00
9.686208311935923021e+00
9.686208286848914994e+00
9.686240698421455519e+00
9.686207056389552150e+00
9.686156653079711631e+00
9.687006658383079838e+00
9.687240756413322273e+00
9.687062862589653989e+00
9.687093391066749604e+00
9.686789142644473216e+00
9.686733108328255071e+00
9.686754191461311336e+00
9.686821820410377981e+00
9.686288392113446832e+00
9.686325683854018820e+00
9.686182625440936889e+00
9.686326189616242033e+00
9.686355263937862503e+00
9.686423940060977955e+00
9.686382152713596483e+00
9.686376598292005369e+00
9.686149500000000856e+00
9.685649500000002021e+00
9.687050499999999786e+00
9.685951499999999825e+00
9.686081936877879883e+00
9.686109361517544869e+00
9.686078502578574501e+00
9.685872461139982903e+00
9.685464084259061579e+00
9.685376438811321265e+00
9.685429004971416234e+00
9.685475250652482160e+00
9.685139231411742600e+00
9.685362273804125621e+00
9.685117550283667498e+00
9.685359408207355969e+00
9.685224534621259096e+00
9.684546573912285794e+00
9.685845660670556967e+00
0.000000000000000000e+00
9.685126318633088260e+00
9.685162437125788060e+00
9.685183310165960791e+00
9.685177766437236713e+00
9.684986783405047817e+00
9.684868997243375688e+00
9.684965594365291253e+00
9.685010332628992913e+00
9.684798702527148251e+00
9.684718785712187028e+00
9.684752871939673824e+00
9.684712990276588940e+00
0.000000000000000000e+00
0.000000000000000000e+00
9.685791180824702806e+00
0.000000000000000000e+00
9.686499082789536530e+00
9.686571597308420323e+00
9.686396653992748185e+00
9.686496215815481037e+00
9.686471648821392222e+00
9.686435072286487369e+00
9.686470813418370795e+00
9.686496391470011957e+00
9.686365499180105587e+00
9.686588448494546810e+00
9.686452923632051792e+00
9.686595540037476582e+00
9.687550969137873835e+00
9.687118872179313556e+00
9.686957106410721607e+00
9.687627587427122933e+00
9.686334182107398050e+00
9.686419372353130441e+00
9.686375584474271605e+00
9.686364932358850766e+00
9.685254690552463686e+00
9.685232116278465142e+00
9.685272548681460592e+00
9.685224703585522121e+00
9.685713402884458034e+00
9.685663503592984114e+00
9.685634683788590493e+00
9.685668423364875324e+00
9.686464066811709017e+00
9.686502702997341174e+00
9.686418846260256288e+00
9.686728757323907146e+00
9.685686165694146865e+00
9.685698533676339039e+00
9.685673089967036020e+00
9.685785960817753448e+00
9.684810789160158251e+00
9.684947581784978610e+00
9.684980060015629277e+00
9.684947804925220893e+00
9.685177498946385910e+00
9.685133532720307414e+00
9.684902037543583475e+00
9.685039520307475058e+00
9.685855405825320119e+00
9.685783137934526721e+00
9.685790331518262519e+00
9.685704609110661778e+00
